Block    Distance          Distance          Distance          Distance          Rotaion
Name     One               Two               Three             Four              Importance
1box     0                 0                 0                 0                 1
1bub     0                 0                 0                 0                 1
1cap     0                 0                 0                 0                 1
1CAPA    0                 0                 0                 0                 0
1cee     0                 0                 0                 0                 1
1cond    0                 0.03984375        0.03984375        0.03984375        0
1CONU    0.03984375        0.03984375        0.03984375        0.03984375        0
1CONUS   0                 0                 0                 0                 0
1EMRGLIT 0                 0                 0                 0                 0
1exs     0                 0                 0                 0                 1
1fanoh   0                 0                 0                 0                 nil
1flamed  0                 0                 0                 0                 4
1flexcon 0.03125           0                 0                 0                 1
1flite   0                 0                 0                 0                 4
1fpole   0.1875            0.1875            0.1875            0.1875            nil
1gasd    0.14078802        0.14078802        0.14078802        0.14078802        nil
1GFCI    0                 0                 0                 0                 4
1GRMAIN  0                 0                 0                 0                 nil
1grnd    0.09375           0.09375           0.09375           0.09375           nil
1grndtw  0.09375           0.09375           0.09375           0.09375           nil
1GRTAP   0                 0                 0                 0                 nil
1gual    0.0875            0.0875            0                 0                 22
1gualsid 0.0875            0                 0                 0                 0
1guat    0.0875            0.0875            0                 0.0875            3
1guatsid 0.0875            0                 0.0875            0                 0
1guax    0.0875            0.0875            0.0875            0.0875            1
1horn    0                 0                 0                 0                 4
1hub     0.0625            0                 0                 0                 0
1ilitsid 0                 0                 0                 0                 nil
1instbox 0.0925            0.0925            0.0925            0.0925            nil
1jbox    0                 0                 0                 0                 4
1lbd     0                 0.05273438        0.05273438        0.05273438        0
1lbdl    0                 0                 0                 0                 22
1lbdr    0                 0                 0                 0                 24
1lbl     0                 0                 0                 0                 22
1lbr     0                 0                 0                 0                 24
1lbu     0.05273438        0.05273438        0.05273438        0.05273438        0
1LBUO    0.046875          0.046875          0.046875          0.046875          1
1lby     0                 0                 0                 0                 22
1liteoh  0.1875            0.1875            0.1875            0.1875            nil
1litewm  0                 0                 0                 0                 4
1litside 0                 0.08625           0                 0.08625           4
1motor   0                 0                 0                 0                 nil
1paclite 0                 0                 0                 0                 4
1phnjk   0                 0                 0                 0                 4
1plug230 0                 0                 0                 0                 4
1plugded 0                 0                 0                 0                 4
1re      0.9125            0                 0                 0                 4
1seal    0                 0                 0                 0                 0
1sealdr  0                 0                 0                 0                 0
1sidelit 0                 0                 0                 0                 4
1smoke   0.14078802        0.14078802        0.14078802        0.14078802        nil
1stanlit 0                 0                 0                 0                 4
1switch  0                 0                 0                 0                 4
1tee     0                 0                 0                 0                 3
1TEECOND 0                 0.052734375       0.052734375       0.052734375       3
1teed    0                 0                 0                 0                 1
1teeu    0.052734375       0.052734375       0.052734375       0.052734375       1
1TEEUO   0.046875          0.046875          0.046875          0.046875          1
1tempd   0.125             0.125             0.125             0.125             nil
1union   0.046875          0                 0.046875          0                 1
1weld    0                 0                 0                 0                 4
2away    0                 0                 0                 0                 1
2break   0                 0                 0                 0                 1
2cpsa    0                 0                 0                 0                 4
2cpsb    0                 0                 0                 0                 4
2cpsc    0                 0                 0                 0                 4
2cpsca   7.189872          0                 0                 0                 4
2cpscb   7.189872          0                 0                 0                 4
2cpscc   7.189872          0                 0                 0                 4
2teed    0                 0.052734375       0                 0.052734375       4
ANUNCIAT 0.132582521472    0.132582521472    0.132582521472    0.132582521472    nil
ARRHEAD  0                 0                 0                 0                 1
ARRHEAD  0.125             0                 0                 0                 4
AUTOXFMR 0.25              0.25              0.25              0.125             4
baseball 0                 0                 0                 0                 1
BATT02   0.187911469359    0                 0                 0                 6
BELL     0.327254248594    0                 0                 0                 5
BREAK    0                 0                 0                 0                 0
bubc     0                 0                 0                 0                 0
bubd     0                 0                 0                 0                 0
bube     0                 0                 0                 0                 0
bubf     0                 0                 0                 0                 0
bubg     0                 0                 0                 0                 0
bubh     0                 0                 0                 0                 0
BUZZER   0.21262023679     0                 0                 0                 5
ca       5.6625            0                 0                 0                 0
CAPACTR1 0.5625            0                 0                 0                 6
CAPACTR2 0.4375            0                 0                 0                 6
CAPACTR3 0.5625            0                 0                 0                 6
CAPACTR4 0.4375            0                 0                 0                 6
cb       6.28125           0                 0                 0                 0
CB03     0.5625            0                 0                 0                 6
CBRKR    0.5625            0                 0                 0                 6
cc       7.3125            0                 0                 0                 0
cd       8.5               0                 0                 0                 0
ce       10.375            0                 0                 0                 0
cf       12.25             0                 0                 0                 0
COIL01   0.125             0.125             0.125             0.125             nil
COIL02   0.1875            0.1875            0.1875            0.1875            nil
CONC     0.5625            0                 0                 0                 6
conmark  0.25              0.25              0.25              0.25              nil
CONNECTF 0                 0                 0                 0                 nil
CONNECTO 0.046875          0.046875          0.046875          0.046875          nil
CONO     0.5625            0                 0                 0                 6
CONTACTR 0.125             0                 0                 0                 6
contag   0.288675          0.25              0.288675          0.25              nil
CONT-NC1 0.25              0                 0.25              0                 5
CONT-NO1 0.25              0                 0.25              0                 5
COUPA    1.25              0                 0                 0                 0
COUPB    1.25              0                 0                 0                 0
COUPC    1.625             0                 0                 0                 0
COUPD    1.625             0                 0                 0                 0
COUPE    2                 0                 0                 0                 0
COUPF    2                 0                 0                 0                 0
COUPG    3.25              0                 0                 0                 0
COUPH    3.25              0                 0                 0                 0
COUPI    3.25              0                 0                 0                 0
COUPJ    3.25              0                 0                 0                 0
COUPK    3.5               0                 0                 0                 0
COUPL    4                 0                 0                 0                 0
cpsa     0                 0                 0                 0                 4
cpsb     0                 0                 0                 0                 4
cpsc     0                 0                 0                 0                 4
cpsca    7.189872          0                 0                 0                 4
cpscb    7.189872          0                 0                 0                 4
cpscc    7.189872          0                 0                 0                 4
cpscsida 7.189872          0                 0                 0                 4
cpscsidb 7.189872          0                 0                 0                 4
cpscsidc 7.189872          0                 0                 0                 4
cpssida  0                 0                 0                 0                 4
cpssidb  0                 0                 0                 0                 4
cpssidc  0                 0                 0                 0                 4
CPT01    0.125000000005    0                 0                 0                 6
crnclmpa 0                 0                 0                 0                 0
crnclmpb 0                 0                 0                 0                 0
crnclmpc 0                 0                 0                 0                 0
crnclmpd 0                 0                 0                 0                 0
crnclmpe 0                 0                 0                 0                 0
crnclmpf 0                 0                 0                 0                 0
CURRXFMR 0.25              0                 0                 0                 4
DEVAB    0.4375            0                 0                 0                 6
devab    0                 0                 0                 0                 0
DEVHOA   0.4375            0                 0                 0                 6
devhoa   0                 0                 0                 0                 0
devhoa   0.4375            0                 0                 0                 1
DEVMTR1  0.15625           0.15625           0.15625           0.15625           nil
DEVMTR2  0.15625           0.15625           0.15625           0.15625           nil
DEVMTR3  0.15625           0.15625           0.15625           0.15625           nil
DEVMTR4  0.11048543456     0.11048543456     0.11048543456     0.11048543456     nil
DEVMTR5  0.11048543456     0.11048543456     0.11048543456     0.11048543456     nil
DEVOO    0.4375            0                 0                 0                 6
DEVPLC   0.09375           0.09375           0.09375           0.09375           nil
DEVS     0.4375            0                 0                 0                 6
DEVSFS   0.4375            0                 0                 0                 6
DEVSS    0.4375            0                 0                 0                 6
DIODE01  0.1875            0                 0                 0                 4
DIODE02  0.1875            0                 0                 0                 4
DIODE03  0.1875            0                 0                 0                 4
DIODE04  0.1875            0                 0.1875            0                 4
DOT      0.03125           0.03125           0.03125           0.03125           nil
DUALXFMR 0.4375            0                 0.4375            0.062499999994    4
edsa     0                 0                 0                 0                 4
edsb     0                 0                 0                 0                 4
edsc     0                 0                 0                 0                 4
edsca    7.189872          0                 0                 0                 4
edscb    7.189872          0                 0                 0                 4
edscc    7.189872          0                 0                 0                 4
edscsida 7.189872          0                 0                 0                 4
edscsidb 7.189872          0                 0                 0                 4
edscsidc 7.189872          0                 0                 0                 4
edssida  0                 0                 0                 0                 4
edssidb  0                 0                 0                 0                 4
edssidc  0                 0                 0                 0                 4
efscs-sa 7.189872          0                 0                 0                 4
efscs-sb 7.189872          0                 0                 0                 4
efscs-sc 7.189872          0                 0                 0                 4
efscstpa 7.189872          0                 0                 0                 4
efscstpb 7.189872          0                 0                 0                 4
efscstpc 7.189872          0                 0                 0                 4
efss-sa  0                 0                 0                 0                 4
efss-sb  0                 0                 0                 0                 4
efss-sc  0                 0                 0                 0                 4
efsstpa  0                 0                 0                 0                 4
efsstpb  0                 0                 0                 0                 4
efsstpc  0                 0                 0                 0                 4
EQPCNTR  0.4375            0                 0                 0                 6
EQPWELD  0.25              0                 0                 0                 6
EYDLA    3.6875            0                 0                 0                 0
EYDLB    3.6875            0                 0                 0                 0
EYDLC    4.3125            0                 0                 0                 0
EYDLE    5.5               0                 0                 0                 0
EYDLF    6.25              0                 0                 0                 0
EYDLG    7.5               0                 0                 0                 0
EYDLH    8.5               0                 0                 0                 0
EYDLI    9.18              0                 0                 0                 0
EYDLJ    9.75              0                 0                 0                 0
eys29    2.9375            0                 0                 0                 0
eys29sid 2.9375            1.59375           0                 0                 22
eysa     3.6875            0                 0                 0                 0
eysb     3.6875            0                 0                 0                 0
eysc     4.3125            0                 0                 0                 0
EYSD     5.0625            0                 0                 0                 0
EYSE     5.5               0                 0                 0                 0
EYSF     6.25              0                 0                 0                 0
EYSG     7.5               0                 0                 0                 0
EYSH     8.5               0                 0                 0                 0
eyssida  3.6875            0                 0                 0                 0
eyssidb  3.6875            0                 0                 0                 0
FD03     0.5625            0                 0                 0                 6
FLNC     0.5625            0                 0                 0                 6
FLNO     0.5625            0                 0                 0                 6
ftnc     0.546875          0                 0                 0                 5
ftno     0.546875          0                 0                 0                 5
FULLRECT 0.65625           0.65625           0.65625           0.65625           nil
FUSE     0.5625            0                 0                 0                 6
FUSE02   0.28125           0                 0                 0                 6
FUSESW   0.5625            0                 0                 0                 6
GATETRST 0.25              0.484375          0.25              0.328125          4
GNDWELL  0.1248828125      0.1248828125      0.1248828125      0.1248828125      nil
GRND01   0.5               0                 0                 0                 4
GRND02   0.5               0                 0                 0                 4
gua-a    2.625             0                 0                 0                 0
gua-b    2.625             0                 0                 0                 0
guaba    3.75              0                 0                 0                 0
guabb    3.625             0                 0                 0                 0
guabc    3.6875            0                 0                 0                 0
guabd    4.15625           0                 0                 0                 0
guabe    5.53125           0                 0                 0                 0
guabf    5.25              0                 0                 0                 0
gua-c    2.75              0                 0                 0                 0
guaca    2.625             0                 2.625             0                 1
guacb    2.625             0                 2.625             0                 1
guacc    2.75              0                 2.75              0                 1
guacd    3.875             0                 3.875             0                 1
guace    3.9375            0                 3.9375            0                 1
guacf    3.9375            0                 3.9375            0                 1
gua-d    3.125             0                 0                 0                 0
guada    2.625             0                 2.625             0                 1
guadb    2.625             0                 2.625             0                 1
guadc    2.75              0                 2.75              0                 1
guadd    3.875             0                 3.875             0                 1
gua-e    3.9375            0                 0                 0                 0
guala    2.625             2.625             0                 0                 22
gualb    2.625             2.625             0                 0                 22
gualc    2.75              2.75              0                 0                 22
guald    3.875             3.875             0                 0                 22
guale    3.9375            3.9375            0                 0                 22
gualf    3.9375            3.9375            0                 0                 22
guama    2.625             2.625             0                 0                 22
guamb    2.625             2.625             0                 0                 22
guamd    3.125             3.125             0                 0                 22
guamf    3.9375            3.9375            0                 0                 22
guana    3.75              0                 0                 3.75              24
guanb    3.625             0                 0                 3.625             24
guanc    3.6875            0                 0                 3.6875            24
guand    4.15625           0                 0                 4.15625           24
guane    5.53125           0                 0                 5.53125           24
guanf    5.25              0                 0                 5.25              24
guata    2.625             2.625             0                 2.625             3
guatb    2.625             2.625             0                 2.625             3
guatc    2.75              2.75              0                 2.75              3
guatd    3.875             3.875             0                 3.875             3
guate    3.9375            3.9375            0                 3.9375            3
guatf    3.9375            3.9375            0                 3.9375            3
guawa    2.625             2.625             0                 2.625             3
guawb    2.625             2.625             0                 2.625             3
guaxa    2.625             2.625             2.625             2.625             1
guaxb    2.625             2.625             2.625             2.625             1
guaxc    2.75              2.75              2.75              2.75              1
guaxd    3.875             3.875             3.875             3.875             1
guaxe    3.9375            3.9375            3.9375            3.9375            1
guaxf    3.9375            3.9375            3.9375            3.9375            1
HEATELEM 0.25              0                 0                 0                 5
HEATER   0.5625            0                 0                 0                 6
hoasa    0                 0                 0                 0                 4
hoasb    0                 0                 0                 0                 4
hoasc    0                 0                 0                 0                 4
hoasca   7.189872          0                 0                 0                 4
hoascb   7.189872          0                 0                 0                 4
hoascc   7.189872          0                 0                 0                 4
HOASW    0.5625            0                 0                 0                 nil
HORN     0.21875           0                 0                 0                 5
huba     1.03190421        0                 0                 0                 0
hubb     1.16940421        0                 0                 0                 0
hubc     1.37571211        0                 0                 0                 0
hubd     1.54440421        0                 0                 0                 0
hube     1.66940421        0                 0                 0                 0
hubf     1.79440421        0                 0                 0                 0
hubg     2.23190421        0                 0                 0                 0
hubh     2.48190421        0                 0                 0                 0
icap     0                 0                 0                 0                 0
icap     0                 0                 0                 0                 0
iell     0.120425          0.120425          0                 0                 22
iexs     0.120425          0.120425          0.120425          0.120425          1
igvalve  0.1875            0                 0.1875            0                 1
INDCAIR  0.25              0.0625            0.25              0                 4
INDCIRON 0.25              0.0625            0.25              0                 4
instag   0.25              0.25              0.25              0.25              nil
itee     0.120425          0.120425          0                 0.120425          3
iunion   0.053125          0                 0.053125          0                 1
ivalve   0.1875            0                 0.1875            0                 1
lb_a     4.29751375        1.38798077        0                 0                 22
lb_b     4.89310214        1.51298077        0                 0                 22
lb_c     5.65625           1.75              0                 0                 22
lb_d     6.53125           2.09375           0                 0                 22
lb_e     7.9375            2.59375           0                 0                 22
lb_f     9.375             2.984375          0                 0                 22
lba      4.29751375        0                 0                 1.38798077        24
lbb      4.89310214        0                 0                 1.51298077        24
lbc      5.65625           0                 0                 1.75              24
lbd      6.53125           0                 0                 2.09375           24
lbe      7.9375            0                 0                 2.59375           24
lbf      9.375             0                 0                 2.984375          24
lbfrnta  4.29751375        0                 0                 0                 0
lbfrntb  4.89310214        0                 0                 0                 0
lbfrntc  5.65625           0                 0                 0                 0
lbfrntd  6.53125           0                 0                 0                 0
lbfrnte  7.9375            0                 0                 0                 0
lbfrntf  9.375             0                 0                 0                 0
lbya     1.61445197        0                 0                 1.61445197        24
lbyb     1.90830287        0                 0                 1.90830287        24
lbyc     1.75848261        0                 0                 1.75848261        24
lbyd     2.00844232        0                 0                 2.00844232        24
lbye     2.28502871        0                 0                 2.28502871        24
lbyfrnta 1.61445197        0                 0                 0                 0
lbyfrntb 1.90830287        0                 0                 0                 0
lbyfrntc 1.75948261        0                 0                 0                 0
lbyfrntd 2.00844232        0                 0                 0                 0
lbyfrnte 2.28502871        0                 0                 0                 0
LCC      0                 0                 0                 0                 4
lla      4.297567          1.51298077        0                 0                 22
LLB      4.892445798206    1.700480769231    0                 0                 22
LLC      5.65625           1.75              0                 0                 22
LLD      6.53125           2.09375           0                 0                 22
LLE      7.9375            2.75              0                 0                 22
LLF      9.375             3.312500000001    0                 0                 22
LMBNC    0.5625            0                 0                 0                 6
LMBNO    0.5625            0                 0                 0                 6
LMTNC    0.5625            0                 0                 0                 6
LMTNO    0.5625            0                 0                 0                 6
LRA      4.297566998712    0                 0                 1.512980769231    24
LRB      4.892445798206    0                 0                 1.700480769231    24
LRC      5.65625           0                 0                 1.75              24
LRD      6.53125           0                 0                 2.09375           24
LRE      7.9375            0                 0                 2.75              24
LRF      9.375             0                 0                 3.312500000001    24
LTGPNL   0.9375            0                 0                 0                 6
LTSCA    1.185563018541    0                 0                 0                 0
LTSCB    1.185563018541    0                 0                 0                 0
LTSCC    1.373054443726    0                 0                 0                 0
LTSCD    1.373054443726    0                 0                 0                 0
LTSCE    1.498049919653    0                 0                 0                 0
LTSCF    1.498049919653    0                 0                 0                 0
LTSCG    2.1875            0                 0                 0                 0
LTSCH    2.375             0                 0                 0                 0
LTSCI    2.375             0                 0                 0                 0
LTSCJ    2.5               0                 0                 0                 0
LTSCK    2.5               0                 0                 0                 0
LTSCL    2.5               0                 0                 0                 0
LVNC     0.5625            0                 0                 0                 6
LVNO     0.5625            0                 0                 0                 6
MATBUB   0.1875            0.1875            0.1875            0.1875            nil
MHUBA    0.8125            0                 0                 0                 4
MHUBB    0.9062            0                 0                 0                 4
MHUBC    1.0312            0                 0                 0                 4
MHUBE    1.0312            0                 0                 0                 4
MHUBF    1.0937            0                 0                 0                 4
MHUBG    1.2812            0                 0                 0                 4
MHUBH    1.375             0                 0                 0                 4
MHUBI    1.4375            0                 0                 0                 4
MHUBJ    1.5               0                 0                 0                 4
MOLOAD   0.5625            0                 0                 0                 6
MOTOR01  0.25              0.25              0.25              0.25              nil
MTRSHUNT 0.25              0                 0                 0                 6
NPN      0.25              0                 0                 0                 4
OLOADS   0.125             0                 0                 0                 6
PB-HID   0.25              0                 0.25              0                 5
PBNC     0.5625            0                 0                 0                 6
PB-NC    0.25              0                 0.25              0                 5
PBNO     0.5625            0                 0                 0                 6
PB-NO    0.25              0                 0.25              0                 5
PHOTOCEL 0.25              0.25              0.25              0.25              4
PILOT03  0.09375           0.09375           0.09375           0.09375           nil
PLCFUSE  0.25              0                 0                 0                 5
PNP      0.25              0                 0                 0                 4
PSNC     0.5625            0                 0                 0                 6
PSNO     0.5625            0                 0                 0                 6
PUT      0.1875            0                 0                 0                 4
REA      0.15557442791     0                 0                 0                 4
REB      0.195760473364    0                 0                 0                 4
REC      0.246403113047    0                 0                 0                 4
RED      0.31204381019     0                 0                 0                 4
REE      0.357280092256    0                 0                 0                 4
REF      0.446262787905    0                 0                 0                 4
REG      0.539989969739    0                 0                 0                 4
REH      0.656318868256    0                 0                 0                 4
REI      0.751482739136    0                 0                 0                 4
REJ      0.84721330401     0                 0                 0                 4
REK      1.048957685271    0                 0                 0                 4
REL      1.237997397787    0                 0                 0                 4
RESADJST 0.25              0                 0                 0                 5
RESFIXED 0.25              0                 0                 0                 5
RHEOSTAT 0.25              0                 0                 0                 5
SCR      0.1875            0                 0                 0                 4
SDOT     0.03125           0.03125           0.03125           0.03125           nil
SEPAR    0                 0                 0                 0                 5
SINC     0.4375            0                 0                 0                 6
SINO     0.4375            0                 0                 0                 6
SLHA03   0.765625          0                 0                 0                 4
SLHA04   1.078125          0                 0                 0                 4
SLRA03   0.5625            0                 0                 0                 4
SLRA04   0.53125           0                 0                 0                 4
SOLENOID 0.25              0                 0.25              0                 5
STAB     0.25              0                 0                 0                 6
STABED   0.0625            0                 0                 0                 6
SW-FL-NC 0.25              0                 0.25              0                 5
SW-FL-NO 0.25              0                 0.25              0                 5
SW-FW-NC 0.25              0                 0.25              0                 5
SW-FW-NO 0.25              0                 0.25              0                 5
SW-LM-NC 0.25              0                 0.25              0                 5
SW-LM-NO 0.25              0                 0.25              0                 5
SWNC     0.5625            0                 0                 0                 6
SW-NC    0.25              0                 0.25              0                 5
SW-NC1   0.25              0                 0.25              0                 5
SWNO     0.5625            0                 0                 0                 6
SW-NO    0.25              0                 0.25              0                 5
SW-NO1   0.25              0                 0.25              0                 5
SW-PR-NC 0.25              0                 0.25              0                 5
SW-PR-NO 0.25              0                 0.25              0                 5
SW-TP-NC 0.25              0                 0.25              0                 5
SW-TP-NO 0.25              0                 0.25              0                 5
TA       1.537019230762    2.831249999984    0                 2.831249999984    3
TB       1.597596153847    3.140786816434    0                 3.140463183566    3
TC       1.75              3.65625           0                 3.65625           3
TCOUPLE  0.5               0                 0                 0                 4
TD       2.09375           4.25              0                 4.25              3
TDDE_CL  0.25              0                 0.25              0                 5
TDDE_OP  0.25              0                 0.25              0                 5
TDE_CL   0.25              0                 0.25              0                 5
TDE_OP   0.25              0                 0.25              0                 5
TDNC     0.5625            0                 0                 0                 6
TDNO     0.5625            0                 0                 0                 6
TE       2.9375            5.1875            0                 5.1875            3
TENC     0.5625            0                 0                 0                 6
TENO     0.5625            0                 0                 0                 6
TERM01   0.0625            0.0625            0.0625            0.0625            nil
TERM02   0.0625            0.0625            0.0625            0.0625            nil
TERM03   0.0625            0.0625            0.0625            0.0625            6
TERM04   0                 0                 0                 0                 nil
TERM05   0.0625            0.0625            0.0625            0.0625            nil
TERM06   0.0625            0.0625            0.0625            0.0625            nil
TERM07   0.0625            0.0625            0.0625            0.0625            nil
TERM08   0.0625            0.0625            0.0625            0.0625            nil
TERM09   0.0625            0.0625            0.0625            0.0625            nil
TERM10   0.0625            0.0625            0.0625            0.0625            4
TERM11   0.0625            0.0625            0.0625            0.0625            nil
TERM12   0                 0                 0                 0                 nil
TERM13   0.0625            0.0625            0.0625            0.0625            nil
TERM14   0.0625            0.0625            0.056845187967    0.0625            nil
TERM15   0.0625            0.0625            0.0625            0.0625            nil
TERM16   0.0625            0.0625            0.0625            0.0625            nil
TERM17   0.072168783649    0.0625            0.072168783649    0.0625            nil
TERM18   0                 0                 0                 0                 nil
TERM19   0.072168783649    0.0625            0.072168783649    0.0625            nil
TERM20   0.072168783649    0.0625            0.072168783649    0.0625            nil
TERM21   0.072168783649    0.0625            0.072168783649    0.0625            nil
TERM22   0.072168783649    0.0625            0.072168783649    0.0625            nil
TERM23   0.032327586207    0.0625            0.030531609195    0.062923337035    nil
TERM24   0.032327586207    0.0625            0.030531609195    0.062923337035    nil
TERM25   0.061552678908    0.062501794809    0.0625            0.062501794809    nil
TERM26   0.032327586207    0.0625            0.030531609195    0.062923337035    nil
TERM27   0.032431006837    0.0625            0.030531609195    0.062923337035    nil
TERM28   0.032327586207    0.0625            0.033260482231    0.062923337035    nil
TESTWELL 0.1248828125      0.1248828125      0.1248828125      0.1248828125      nil
TF       3.75              6.125             0                 6.125             3
TG       4.375             7.8125            0                 7.8125            3
TH       4.375             7.8125            0                 7.8125            3
TI       5.21875           9.375             0                 9.375             3
TJ       5.21875           9.375             0                 9.375             3
TMNC     0.5625            0                 0                 0                 6
TMNO     0.5625            0                 0                 0                 6
TOLOAD   0.5625            0                 0                 0                 6
TRIAC    0.1875            0                 0                 0                 4
TSIDEA   5.662499999968    0                 0                 0                 0
TSIDEB   6.28125           0                 0                 0                 0
TSIDEC   7.3125            0                 0                 0                 0
TSIDED   8.5               0                 0                 0                 0
TSIDEE   10.375            0                 0                 0                 0
TSIDEF   12.25             0                 0                 0                 0
TSIDEG   15.625            0                 0                 0                 0
TSIDEH   15.625            0                 0                 0                 0
TSIDEI   18.75             0                 0                 0                 0
TSIDEJ   18.75             0                 0                 0                 0
UCLMPEB  0                 0                 0                 0                 4
UCLMPEC  0                 0                 0                 0                 4
UCLMPEE  0                 0                 0                 0                 4
UCLMPEF  0                 0                 0                 0                 4
UCLMPEG  0                 0                 0                 0                 4
UCLMPEH  0                 0                 0                 0                 4
UCLMPEI  0                 0                 0                 0                 4
UCLMPEJ  0                 0                 0                 0                 4
UCLMPFB  1.625             0                 0                 0                 4
UCLMPFC  1.625             0                 0                 0                 4
UCLMPFE  1.625             0                 0                 0                 4
UCLMPFF  1.625             0                 0                 0                 4
UCLMPFG  1.625             0                 0                 0                 4
UCLMPFH  1.625             0                 0                 0                 4
UCLMPFI  1.625             0                 0                 0                 4
UCLMPFJ  1.625             0                 0                 0                 4
UCLMPSB  0                 0                 0                 0                 4
UCLMPSC  0                 0                 0                 0                 4
UCLMPSE  0                 0                 0                 0                 4
UCLMPSF  0                 0                 0                 0                 4
UCLMPSG  0                 0                 0                 0                 4
UCLMPSH  0                 0                 0                 0                 4
UCLMPSI  0                 0                 0                 0                 4
UCLMPSJ  0                 0                 0                 0                 4
UJTNBASE 0.25              0                 0                 0                 4
UJTPBASE 0.25              0                 0                 0                 4
UNA      1.625126614676    0                 0                 0                 0
UNB      1.625126614676    0                 0                 0                 0
UNJA     1.814208378083    0                 0                 0                 0
UNJB     1.814208378083    0                 0                 0                 0
UNYA     1.8125            0                 0                 0                 0
UNYB     1.75              0                 0                 0                 0
UNYC     2                 0                 0                 0                 0
UNYD     2.1875            0                 0                 0                 0
UNYE     2.625             0                 0                 0                 0
UNYF     2.5625            0                 0                 0                 0
UNYG     3.1875            0                 0                 0                 0
UNYH     3.4375            0                 0                 0                 0
UNYI     4.125             0                 0                 0                 0
UNYJ     4.125             0                 0                 0                 0
UNYK     4.112522511525    0                 0                 0                 0
UNYL     4.237522511525    0                 0                 0                 0
XA       2.831249999984    1.537019230762    2.831249999984    1.537019230762    1
XB       3.140463183566    1.597596153847    3.140786816434    1.597596153847    1
XC       3.65625           1.75              3.65625           1.75              1
XD       4.25              2.09375           4.25              2.09375           1
XE       5.1875            2.9375            5.1875            2.9375            1
XF       6.125             3.75              6.125             3.75              1
XFMR01   0.1875            0                 0                 0                 6
XFMR3    0.125             0                 0                 0                 6
XFMR4    0.15625           0                 0                 0                 6
XFMRDEL  0                 0                 0                 0                 nil
XFMRDELG 0                 0                 0                 0                 nil
XFMRWYE  0                 0                 0                 0                 nil
XFMRWYEG 0                 0                 0                 0                 nil
C8A      2.843750000000    0.000000000000    2.843750000000    0.000000000000    1
C8B      3.140600000000    0.000000000000    3.140600000000    0.000000000000    1
C8C      3.656250          0                 3.6562500         0                 1
C8D      4.250000000000    0.000000000000    4.250000000000    0.000000000000    1
C8E      5.187500000000    0.000000000000    5.187500000000    0.000000000000    1
C8F      6.125000000000    0.000000000000    6.125000000000    0.000000000000    1
C8G      7.812500000000    0.000000000000    7.812500000000    0.000000000000    1
C8H      7.812500000000    0.000000000000    7.812500000000    0.000000000000    1
C8-SIDEA 2.843750000000    0.000000000000    2.843750000000    0.000000000000    0
C8-SIDEB 3.140600000000    0.000000000000    3.140600000000    0.000000000000    0
C8-SIDEC 3.656250000000    0.000000000000    3.656250000000    0.000000000000    0
C8-SIDED 4.250000000000    0.000000000000    4.250000000000    0.000000000000    0
C8-SIDEE 5.187500000000    0.000000000000    5.187500000000    0.000000000000    0
C8-SIDEF 6.125000000000    0.000000000000    6.125000000000    0.000000000000    0
C8-SIDEG 7.812500000000    0.000000000000    7.812500000000    0.000000000000    0
C8-SIDEH 7.812500000000    0.000000000000    7.812500000000    0.000000000000    0
C8-BACKA 2.843750000000    0.000000000000    2.843750000000    0.000000000000    1
C8-BACKB 3.140600000000    0.000000000000    3.140600000000    0.000000000000    1
C8-BACKC 3.656250000000    0.000000000000    3.656250000000    0.000000000000    1
C8-BACKD 4.250000000000    0.000000000000    4.250000000000    0.000000000000    1
C8-BACKE 5.187500000000    0.000000000000    5.187500000000    0.000000000000    1
C8-BACKF 6.125000000000    0.000000000000    6.125000000000    0.000000000000    1
C8-BACKG 7.812500000000    0.000000000000    7.812500000000    0.000000000000    1
C8-BACKH 7.812500000000    0.000000000000    7.812500000000    0.000000000000    1
